data;

param n := 94;

param m := 16;

param MAXDISTANCE := 5;

param politicalLeeway := 1;

set counties :=
Adams
Allen
Ashland
Ashtabula
Athens
Auglaize
Belmont
Brown
Butler
Carroll
Champaign
Clark
Clermont
Clinton
Columbiana
Coshocton
Crawford
Cuyahoga-NW
Cuyahoga-NE
Cuyahoga-SE
Cuyahoga-SW
Darke
Defiance
Delaware
Erie
Fairfield
Fayette
Franklin-E
Franklin-N
Franklin-SW
Fulton
Gallia
Geauga
Greene
Guernsey
Hamilton-W
Hamilton-E
Hancock
Hardin
Harrison
Henry
Highland
Hocking
Holmes
Huron
Jackson
Jefferson
Knox
Lake
Lawrence
Licking
Logan
Lorain
Lucas
Madison
Mahoning
Marion
Medina
Meigs
Mercer
Miami
Monroe
Montgomery
Morgan
Morrow
Muskingum
Noble
Ottawa
Paulding
Perry
Pickaway
Pike
Portage
Preble
Putnam
Richland
Ross
Sandusky
Scioto
Seneca
Shelby
Stark
Summit
Trumbull
Tuscarawas
Union
VanWert
Vinton
Warren
Washington
Wayne
Williams
Wood
Wyandot;

param d[*] :=
Adams	2175
Allen	12439
Ashland	4094
Ashtabula	15619
Athens	15267
Auglaize	3916
Belmont	9809
Brown	4140
Butler	48176
Carroll	3377
Champaign	4387
Clark	20578
Clermont	20703
Clinton	3653
Columbiana	12596
Coshocton	3492
Crawford	5282
Cuyahoga-NW	71731
Cuyahoga-NE	214176
Cuyahoga-SE	24584
Cuyahoga-SW	50978
Darke	3874
Defiance	4493
Delaware	25328
Erie	20726
Fairfield	20446
Fayette	2342
Franklin-E	199791
Franklin-N	48361
Franklin-SW	51562
Fulton	4871
Gallia	2670
Geauga	13588
Greene	21198
Guernsey	4143
Hamilton-W	114497
Hamilton-E	65224
Hancock	7385
Hardin	2657
Harrison	2019
Henry	2791
Highland	3676
Hocking	3788
Holmes	1211
Huron	7262
Jackson	3071
Jefferson	8995
Knox	6833
Lake	39174
Lawrence	7279
Licking	19817
Logan	4345
Lorain	64695
Lucas	110533
Madison	3695
Mahoning	70481
Marion	7801
Medina	26177
Meigs	2424
Mercer	3171
Miami	10375
Monroe	2220
Montgomery	86765
Morgan	1584
Morrow	2976
Muskingum	8807
Noble	1411
Ottawa	9536
Paulding	2115
Perry	3660
Pickaway	5485
Pike	4049
Portage	35917
Preble	3802
Putnam	2404
Richland	14468
Ross	9367
Sandusky	10256
Scioto	9838
Seneca	7722
Shelby	4000
Stark	59642
Summit	132447
Trumbull	60623
Tuscarawas	10654
Union	6557
VanWert	2486
Vinton	1574
Warren	30147
Washington	9797
Wayne	12887
Williams	3632
Wood	21797
Wyandot	1957;

param r[*] :=
Adams	8500
Allen	31752
Ashland	15617
Ashtabula	23821
Athens	11371
Auglaize	19114
Belmont	20453
Brown	14741
Butler	108635
Carroll	9019
Champaign	13555
Clark	35150
Clermont	73873
Clinton	14274
Columbiana	32160
Coshocton	10557
Crawford	12765
Cuyahoga-NW	37239
Cuyahoga-NE	48564
Cuyahoga-SE	31935
Cuyahoga-SW	78040
Darke	19051
Defiance	13080
Delaware	74008
Erie	15830
Fairfield	48873
Fayette	8083
Franklin-E	91560
Franklin-N	69368
Franklin-SW	81186
Fulton	15585
Gallia	9368
Geauga	35059
Greene	56889
Guernsey	11644
Hamilton-W	125612
Hamilton-E	85450
Hancock	27181
Hardin	8883
Harrison	4853
Henry	10716
Highland	13832
Hocking	8321
Holmes	9421
Huron	15373
Jackson	9248
Jefferson	18225
Knox	19354
Lake	70412
Lawrence	17971
Licking	57172
Logan	16835
Lorain	59717
Lucas	77827
Madison	13210
Mahoning	40947
Marion	17024
Medina	57484
Meigs	7029
Mercer	17136
Miami	38041
Monroe	4301
Montgomery	152564
Morgan	4496
Morrow	12202
Muskingum	25031
Noble	4304
Ottawa	12350
Paulding	6458
Perry	9750
Pickaway	18035
Pike	6817
Portage	35957
Preble	14938
Putnam	15943
Richland	34724
Ross	18829
Sandusky	15789
Scioto	19224
Seneca	15214
Shelby	19335
Stark	99812
Summit	108627
Trumbull	32564
Tuscarawas	27320
Union	19343
VanWert	11029
Vinton	3556
Warren	84402
Washington	19397
Wayne	34443
Williams	13252
Wood	40120
Wyandot	7898;

param p[*,*]
:	1	2	3	4	5	6	7	8	9	10 11	12 13	14 15	16 :=
Adams	1	1	0	0	0	1	0	0	0	0	0	0	0	0	1	0
Allen	0	0	1	1	1	0	1	1	1	0	0	1	0	0	1	0
Ashland	0	0	0	1	0	1	1	0	1	0	0	1	1	0	0	1
Ashtabula	0	0	0	0	0	0	0	0	0	0	1	0	1	1	0	0
Athens	1	1	1	1	0	1	1	0	0	1	0	1	1	0	1	0
Auglaize	0	0	1	1	1	0	1	1	1	0	0	1	0	0	1	0
Belmont	0	1	0	0	0	1	1	0	0	0	0	1	1	0	1	0
Brown	1	1	0	0	0	1	0	0	0	0	0	0	0	0	1	0
Butler	1	0	0	1	1	0	0	1	0	1	0	0	0	0	1	0
Carroll	0	1	0	0	0	1	1	0	0	0	0	1	1	0	1	0
Champaign	0	0	1	1	1	0	1	1	1	0	0	1	0	0	1	0
Clark	1	0	0	1	1	0	0	1	0	1	0	0	0	0	1	0
Clermont	1	1	0	0	0	1	0	0	0	0	0	0	0	0	1	0
Clinton	1	1	1	1	0	1	0	0	0	1	0	1	0	0	1	0
Columbiana	0	1	0	0	0	1	1	0	0	0	0	1	1	0	1	0
Coshocton	0	0	0	1	0	1	1	0	1	0	0	1	1	0	0	1
Crawford	0	0	1	1	1	0	1	1	1	0	0	1	0	0	1	0
Cuyahoga-NW	0	0	0	1	1	0	1	0	1	0	1	0	0	0	0	1
Cuyahoga-NE	0	0	0	0	0	0	0	0	1	0	1	0	1	1	0	1
Cuyahoga-SE	0	0	0	0	0	0	0	0	0	0	1	0	1	1	0	0
Cuyahoga-SW	0	0	0	0	0	0	1	0	1	0	1	0	1	0	0	1
Darke	1	0	0	1	1	0	0	1	0	1	0	0	0	0	1	0
Defiance	0	0	0	1	1	0	0	1	1	0	0	0	0	0	0	0
Delaware	0	0	1	1	0	1	1	0	0	0	0	1	0	0	1	0
Erie	0	0	1	1	1	0	1	1	1	0	1	1	0	0	1	1
Fairfield	1	1	1	1	0	1	0	0	0	1	0	1	0	0	1	0
Fayette	1	1	1	1	0	1	0	1	0	1	0	1	0	0	1	0
Franklin-E	0	0	1	0	0	0	0	0	0	0	0	1	0	0	1	0
Franklin-N	0	0	1	1	0	1	1	0	0	0	0	1	0	0	1	0
Franklin-SW	1	1	1	1	0	1	0	0	0	1	0	1	0	0	1	0
Fulton	0	0	0	1	1	0	0	1	1	0	0	0	0	0	0	0
Gallia	0	1	0	0	0	1	1	0	0	0	0	1	1	0	1	0
Geauga	0	0	0	0	0	0	0	0	0	0	1	0	1	1	0	0
Greene	1	0	0	0	0	0	0	1	0	1	0	0	0	0	1	0
Guernsey	0	1	0	0	0	1	1	0	0	0	0	1	1	0	1	0
Hamilton-W	1	1	0	0	0	0	0	1	0	1	0	0	0	0	1	0
Hamilton-E	1	1	0	0	0	1	0	0	0	0	0	0	0	0	1	0
Hancock	0	0	0	1	1	0	0	1	1	0	0	0	0	0	0	0
Hardin	0	0	0	1	1	0	0	1	1	0	0	0	0	0	0	0
Harrison	0	1	0	0	0	1	1	0	0	0	0	1	1	0	1	0
Henry	0	0	0	1	1	0	0	1	1	0	0	0	0	0	0	0
Highland	1	1	0	0	0	1	0	0	0	0	0	0	0	0	1	0
Hocking	1	1	1	1	0	1	0	0	0	1	0	1	0	0	1	0
Holmes	0	0	0	1	0	1	1	0	1	0	0	1	1	0	0	1
Huron	0	0	1	1	1	1	1	1	1	0	0	1	1	0	1	1
Jackson	0	1	0	0	0	1	1	0	0	0	0	1	1	0	1	0
Jefferson	0	1	0	0	0	1	1	0	0	0	0	1	1	0	1	0
Knox	0	0	0	1	0	1	1	0	1	0	0	1	1	0	0	1
Lake	0	0	0	0	0	0	0	0	0	0	1	0	1	1	0	0
Lawrence	0	1	0	0	0	1	1	0	0	0	0	1	1	0	1	0
Licking	0	0	1	1	0	1	1	0	0	0	0	1	0	0	1	0
Logan	0	0	1	1	1	0	1	1	1	0	0	1	0	0	1	0
Lorain	0	0	1	1	1	1	1	1	1	0	1	1	1	0	1	1
Lucas	0	0	0	1	1	0	1	1	1	0	1	0	0	0	0	1
Madison	1	1	1	1	0	1	0	0	0	1	0	1	0	0	1	0
Mahoning	0	1	0	0	0	1	1	0	0	0	1	1	1	1	1	1
Marion	0	0	1	1	1	1	1	1	1	0	0	1	0	0	1	0
Medina	0	0	0	1	0	1	1	0	1	0	1	1	1	0	0	1
Meigs	0	1	0	0	0	1	1	0	0	0	0	1	1	0	1	0
Mercer	1	0	1	1	1	0	1	1	1	1	0	1	0	0	1	0
Miami	1	0	0	1	1	0	0	1	0	1	0	0	0	0	1	0
Monroe	0	1	0	0	0	1	1	0	0	0	0	1	1	0	1	0
Montgomery	1	0	0	0	0	0	0	1	0	1	0	0	0	0	1	0
Morgan	1	1	1	1	0	1	0	0	0	1	0	1	0	0	1	0
Morrow	0	0	1	1	0	1	1	0	0	0	0	1	0	0	1	0
Muskingum	0	1	1	1	0	1	1	0	0	0	0	1	1	0	1	0
Noble	0	1	0	0	0	1	1	0	0	0	0	1	1	0	1	0
Ottawa	0	0	0	1	1	0	1	1	1	0	1	0	0	0	0	1
Paulding	0	0	0	1	1	0	0	1	1	0	0	0	0	0	0	0
Perry	1	1	1	1	0	1	0	0	0	1	0	1	0	0	1	0
Pickaway	1	1	1	1	0	1	0	0	0	1	0	1	0	0	1	0
Pike	1	1	0	0	0	1	0	0	0	0	0	0	0	0	1	0
Portage	0	0	0	0	0	1	1	0	1	0	1	0	1	1	0	1
Preble	1	0	0	1	1	0	0	1	0	1	0	0	0	0	1	0
Putnam	0	0	0	1	1	0	0	1	1	0	0	0	0	0	0	0
Richland	0	0	1	1	0	1	1	0	1	0	0	1	1	0	1	1
Ross	1	1	1	1	0	1	0	0	0	1	0	1	0	0	1	0
Sandusky	0	0	1	1	1	0	1	1	1	0	0	1	0	0	1	0
Scioto	1	1	0	0	0	1	1	0	0	0	0	1	1	0	1	0
Seneca	0	0	1	1	1	0	1	1	1	0	0	1	0	0	1	0
Shelby	0	0	1	1	1	0	1	1	1	0	0	1	0	0	1	0
Stark	0	0	0	1	0	1	1	0	1	0	1	1	1	1	0	1
Summit	0	0	0	0	0	1	1	0	1	0	1	0	1	1	0	1
Trumbull	0	0	0	0	0	1	0	0	0	0	1	0	1	1	0	1
Tuscarawas	0	1	0	1	0	1	1	0	1	0	0	1	1	0	1	1
Union	0	0	1	1	1	0	1	1	1	0	0	1	0	0	1	0
VanWert	0	0	0	1	1	0	0	1	1	0	0	0	0	0	0	0
Vinton	1	1	1	1	0	1	0	0	0	1	0	1	0	0	1	0
Warren	1	1	0	0	0	0	0	1	0	1	0	0	0	0	1	0
Washington	0	1	0	0	0	1	1	0	0	0	0	1	1	0	1	0
Wayne	0	0	0	0	0	0	1	0	1	0	1	0	1	0	0	1
Williams	0	0	0	1	1	0	0	1	1	0	0	0	0	0	0	0
Wood	0	0	0	1	1	0	0	1	1	0	0	0	0	0	0	0
Wyandot	0	0	0	1	1	0	0	1	1	0	0	0	0	0	0	0;

param distances[*,*]
: Adams	Allen	Ashland	Ashtabula	Athens Auglaize	Belmont	Brown	Butler Carroll Champaign Clark Clermont	Clinton	Columbiana Coshocton Crawford	Cuyahoga-NW	Cuyahoga-NE	Cuyahoga-SE	Cuyahoga-SW	Darke	Defiance Delaware	Erie Fairfield Fayette Franklin-E	Franklin-N Franklin-SW Fulton	Gallia Geauga	Greene Guernsey	Hamilton-W Hamilton-E	Hancock	Hardin Harrison Henry	Highland Hocking Holmes	Huron	Jackson	Jefferson	Knox Lake	Lawrence Licking Logan Lorain	Lucas	Madison	Mahoning Marion	Medina Meigs Mercer	Miami	Monroe Montgomery	Morgan Morrow	Muskingum	Noble	Ottawa Paulding	Perry	Pickaway Pike	Portage	Preble Putnam	Richland Ross	Sandusky Scioto	Seneca Shelby	Stark	Summit Trumbull	Tuscarawas Union VanWert Vinton	Warren Washington	Wayne	Williams Wood	Wyandot :=
Adams	0	6	7	11	4	6	7	1	4	8	4	4	2	2	9	6	6	9	9	10	9	5	8	5	8	4	2	4	4	3	8	3	10	3	6	3	3	6	5	7	7	1	3	7	7	2	8	6	10	2	5	5	8	8	3	9	5	8	4	6	5	6	4	5	6	5	6	8	8	4	3	1	9	5	7	7	2	8	1	7	5	8	9	10	7	4	7	3	3	5	8	8	7	6
Allen	6	0	4	7	6	1	7	6	5	7	3	4	6	5	7	5	3	5	6	7	5	3	2	3	4	5	4	4	3	4	3	7	6	4	6	6	7	1	1	7	2	5	5	5	3	6	8	4	7	7	4	2	4	3	3	7	2	5	7	2	3	7	4	6	3	5	6	3	2	5	4	6	7	4	1	4	5	3	7	2	2	6	6	7	6	2	1	6	5	7	5	3	2	2
Ashland	7	4	0	4	4	5	4	7	7	3	4	5	7	6	3	2	2	2	2	3	2	6	5	2	2	3	5	3	3	4	5	6	3	5	3	7	8	3	4	3	4	6	4	1	1	6	4	1	3	7	2	4	1	4	4	3	3	1	5	6	5	5	6	4	2	3	4	3	5	3	4	6	3	7	4	1	5	2	7	2	5	2	2	4	2	3	5	5	6	5	1	5	3	3
Ashtabula	11	8	4	0	8	9	5	11	11	4	8	9	11	10	3	5	6	3	2	2	3	10	9	6	5	7	9	7	7	8	8	10	1	9	5	11	12	7	8	5	8	10	8	4	5	10	4	5	1	11	6	8	4	7	8	2	7	3	9	10	9	6	10	7	6	6	6	6	9	7	8	10	2	11	8	5	9	6	11	6	9	3	2	1	4	7	9	9	10	7	3	9	7	7
Athens	4	6	4	8	0	6	3	4	6	5	4	4	5	4	5	3	5	6	6	7	6	6	8	3	6	2	3	3	3	3	8	2	7	4	3	6	6	6	5	4	7	3	1	4	5	2	4	3	7	3	2	5	5	8	3	6	4	5	1	6	5	2	5	1	4	2	2	7	8	1	2	3	6	6	7	4	2	6	3	6	5	5	6	7	4	4	7	1	5	1	5	8	7	5
Auglaize	6	1	5	8	6	0	7	6	4	7	2	3	5	5	7	5	3	6	7	8	6	2	3	3	5	5	4	4	3	4	4	7	7	4	6	5	6	2	1	7	3	5	5	5	4	6	8	4	8	7	4	1	5	4	3	7	2	6	7	1	2	7	3	6	3	5	6	4	2	5	4	6	7	3	2	4	5	4	7	3	1	6	7	8	6	2	1	6	4	7	6	4	3	2
Belmont	7	7	4	5	3	7	0	7	9	2	6	7	8	7	2	2	5	6	5	5	6	8	9	4	6	4	6	4	4	5	9	5	5	7	1	9	9	7	6	1	8	6	4	3	5	5	1	3	6	6	3	6	5	8	6	3	5	5	4	8	7	1	8	2	4	2	1	7	9	3	5	6	4	9	8	4	5	6	6	6	7	3	4	4	2	5	8	4	8	2	4	9	7	6
Brown	1	6	7	11	4	6	7	0	3	8	4	3	1	1	9	6	6	9	9	10	9	4	8	5	8	4	2	4	4	3	8	4	10	2	6	2	2	6	5	7	7	1	3	7	7	3	8	6	10	3	5	5	8	8	3	9	5	8	4	5	4	6	3	5	6	5	6	8	7	4	3	2	9	4	7	7	2	8	2	7	5	8	9	10	7	4	6	3	2	5	8	8	7	6
Butler	4	5	7	11	6	4	8	3	0	8	3	2	2	2	9	6	6	9	9	10	9	2	6	5	8	5	3	5	4	4	7	6	10	2	7	1	2	6	5	8	6	3	5	7	7	5	9	6	10	6	5	4	8	7	3	9	5	8	6	3	2	8	1	7	6	6	7	7	5	6	4	4	9	1	5	7	4	7	5	7	3	8	9	10	7	4	4	5	1	7	8	7	6	6
Carroll	8	7	3	4	5	7	2	8	9	0	6	7	8	7	1	2	5	4	3	3	4	8	8	4	5	4	6	4	4	5	8	7	3	7	2	9	9	6	6	1	7	7	5	2	4	7	1	3	4	8	3	6	4	7	6	2	5	3	6	8	7	3	8	4	4	3	3	6	8	4	5	7	2	9	7	4	6	5	8	5	7	1	2	3	1	5	8	6	8	4	2	8	6	6
Champaign	4	3	4	8	4	2	6	4	3	6	0	1	4	3	6	4	3	6	6	7	6	2	5	2	5	3	2	3	2	2	5	5	7	2	5	4	5	3	2	6	4	3	3	4	4	4	7	3	7	5	3	1	5	5	1	6	2	5	5	2	1	6	2	5	3	4	5	5	4	4	2	4	6	3	4	4	3	5	5	4	1	5	6	7	5	1	3	4	3	5	5	5	4	3
Clark	4	4	5	9	4	3	6	3	2	6	1	0	3	2	7	4	4	7	7	8	7	2	6	3	6	3	2	3	2	2	6	5	8	1	5	3	4	4	3	6	5	3	3	5	5	4	7	4	8	5	3	2	6	6	1	7	3	6	5	3	1	6	1	5	4	4	5	6	5	4	2	4	7	2	5	5	3	6	5	5	2	6	7	8	5	2	4	4	2	5	6	6	5	4
Clermont	2	6	7	11	5	5	8	1	2	8	4	3	0	1	9	6	6	9	9	10	9	3	7	5	8	4	2	4	4	3	8	5	10	2	7	1	1	6	5	8	7	2	4	7	7	4	9	6	10	4	5	5	8	8	3	9	5	8	5	4	3	7	2	6	6	6	7	8	6	5	3	3	9	3	6	7	3	8	3	7	4	8	9	10	7	4	5	4	1	6	8	8	7	6
Clinton	2	5	6	10	4	5	7	1	2	7	3	2	1	0	8	5	5	8	8	9	8	3	7	4	7	3	1	3	3	2	7	4	9	1	6	2	2	5	4	7	6	1	3	6	6	3	8	5	9	4	4	4	7	7	2	8	4	7	4	4	3	6	2	5	5	5	6	7	6	4	2	2	8	3	6	6	2	7	3	6	4	7	8	9	6	3	5	3	1	5	7	7	6	5
Columbiana	9	7	3	3	5	7	2	9	9	1	6	7	9	8	0	3	5	4	3	3	4	8	8	4	5	5	7	5	5	6	8	7	3	7	3	9	10	6	6	2	7	8	6	2	4	7	1	3	4	8	4	6	4	7	6	1	5	3	6	8	7	3	8	4	4	4	3	6	8	5	6	8	2	9	7	4	7	5	8	5	7	1	2	2	2	5	8	6	8	4	2	8	6	6
Coshocton	6	5	2	5	3	5	2	6	7	2	4	5	6	5	3	0	3	4	4	4	4	6	7	2	4	2	4	2	2	3	7	5	4	5	1	7	7	5	4	2	6	5	3	1	3	5	3	1	5	6	1	4	3	6	4	3	3	3	4	6	5	3	6	2	2	1	2	5	7	2	3	5	3	7	6	2	4	4	6	4	5	2	3	4	1	3	6	4	6	3	2	7	5	4
Crawford	6	3	2	5	5	3	5	6	6	5	3	4	6	5	5	3	0	3	4	5	3	5	4	2	2	4	4	4	3	4	4	7	4	4	4	6	7	2	2	5	3	5	5	3	1	6	6	2	5	7	3	3	2	3	3	5	1	3	6	4	4	6	5	5	1	4	5	3	4	4	4	6	5	6	3	1	5	2	7	1	4	4	4	5	4	2	4	6	5	6	3	4	2	1
Cuyahoga-NW	9	5	2	3	6	6	6	9	9	4	6	7	9	8	4	4	3	0	1	2	1	8	6	4	2	5	7	5	5	6	5	8	2	7	5	9	10	4	5	5	5	8	6	3	2	8	5	3	2	9	4	6	1	4	6	4	4	2	7	7	7	7	8	6	4	5	6	3	6	5	6	8	3	9	5	3	7	3	9	3	7	3	2	3	4	5	6	7	8	7	3	6	4	4
Cuyahoga-NE	9	6	2	2	6	7	5	9	9	3	6	7	9	8	3	4	4	1	0	1	1	8	7	4	3	5	7	5	5	6	6	8	2	7	4	9	10	5	6	4	6	8	6	3	3	8	4	3	1	9	4	6	2	5	6	3	5	1	7	8	7	6	8	6	4	5	5	4	7	5	6	8	2	9	6	3	7	4	9	4	7	2	1	3	3	5	7	7	8	6	2	7	5	5
Cuyahoga-SE	10	7	3	2	7	8	5	10	10	3	7	8	10	9	3	4	5	2	1	0	2	9	8	5	4	6	8	6	6	7	7	9	1	8	4	10	11	6	7	4	7	9	7	3	4	9	4	4	1	10	5	7	3	6	7	2	6	2	8	9	8	6	9	6	5	5	5	5	8	6	7	9	1	10	7	4	8	5	10	5	8	2	1	2	3	6	8	8	9	6	2	8	6	6
Cuyahoga-SW	9	5	2	2	6	6	6	9	9	4	6	7	9	8	4	4	3	1	1	2	0	8	6	4	2	5	7	5	5	6	5	8	1	7	5	9	10	4	5	5	5	8	6	3	2	8	5	3	2	9	4	6	1	4	6	3	4	1	7	7	7	7	8	6	4	5	6	3	6	5	6	8	2	9	5	3	7	3	9	3	7	3	2	2	4	5	6	7	8	7	2	6	4	4
Darke	5	3	6	10	6	2	8	4	2	8	2	2	3	3	8	6	5	8	8	9	8	0	4	4	6	5	3	5	4	4	5	6	9	2	7	3	4	4	3	8	4	4	5	6	6	5	9	5	9	6	5	2	7	5	3	8	4	7	6	1	1	8	1	7	5	6	7	5	3	6	4	5	8	1	3	6	4	5	6	5	1	7	8	9	7	3	2	5	2	7	7	5	4	4
Defiance	8	2	5	8	8	3	9	8	6	8	5	6	7	7	8	7	4	6	7	8	6	4	0	5	4	7	6	6	5	6	2	9	7	6	8	7	8	2	3	8	1	7	7	6	4	8	9	6	8	9	6	4	5	2	5	8	4	6	9	3	5	9	5	8	5	7	8	3	1	7	6	8	8	5	1	5	7	3	9	3	4	7	7	8	7	4	2	8	6	9	6	1	2	3
Delaware	5	3	2	6	3	3	4	5	5	4	2	3	5	4	4	2	2	4	4	5	4	4	5	0	4	2	3	2	1	2	5	5	5	3	3	5	6	3	2	4	4	4	3	2	3	5	5	1	5	6	1	2	3	5	2	4	1	3	4	4	3	4	4	3	1	2	3	5	5	2	3	5	4	5	4	2	4	4	6	3	3	3	4	5	3	1	4	4	4	4	3	5	4	2
Erie	8	4	2	4	6	5	6	8	8	5	5	6	8	7	5	4	2	2	3	4	2	6	4	4	0	5	6	5	5	6	3	8	3	6	5	8	9	3	4	5	3	7	6	3	1	8	6	3	4	9	4	5	1	2	5	5	3	2	7	5	6	7	7	6	3	5	6	1	4	5	6	8	4	7	3	2	7	1	9	2	6	4	3	4	4	4	4	7	7	7	3	4	2	3
Fairfield	4	5	3	7	2	5	4	4	5	4	3	3	4	3	5	2	4	5	5	6	5	5	7	2	5	0	2	1	2	1	7	3	6	3	3	5	5	5	4	4	6	3	1	3	4	3	5	2	6	4	1	4	4	7	2	5	3	4	3	5	4	4	4	2	3	2	3	6	7	1	1	3	5	5	6	3	2	5	4	5	4	4	5	6	3	3	6	2	4	3	4	7	6	4
Fayette	2	4	5	9	3	4	6	2	3	6	2	2	2	1	7	4	4	7	7	8	7	3	6	3	6	2	0	2	2	1	6	3	8	1	5	3	3	4	3	6	5	1	2	5	5	2	7	4	8	3	3	3	6	6	1	7	3	6	3	4	3	5	2	4	4	4	5	6	6	3	1	2	7	3	5	5	1	6	3	5	3	6	7	8	5	2	5	2	2	4	6	6	5	4
Franklin-E	5	4	3	7	3	4	4	5	5	4	3	3	5	4	5	2	4	5	5	6	5	5	6	2	5	1	3	0	1	1	6	4	6	3	3	5	6	4	3	4	5	4	2	3	4	4	5	2	6	5	1	3	4	6	2	5	3	4	4	5	4	4	4	3	3	2	3	6	6	2	2	4	5	5	5	3	3	5	5	5	4	4	5	6	3	2	5	3	4	4	4	6	5	4
Franklin-N	5	3	3	7	3	3	4	5	5	4	2	3	5	4	5	2	3	5	5	6	5	4	5	1	5	2	3	1	0	1	5	5	6	3	3	5	6	3	2	4	4	4	3	3	4	4	5	2	6	5	1	2	4	5	2	5	2	4	4	4	3	4	4	3	2	2	3	5	5	2	2	4	5	5	4	3	3	5	5	4	3	4	5	6	3	1	4	4	4	4	4	5	4	3
Franklin-SW	4	4	4	8	3	4	5	4	4	5	2	2	4	3	6	3	4	6	6	7	6	4	6	2	6	1	2	1	1	0	6	4	7	2	4	4	5	4	3	5	5	3	2	4	5	3	6	3	7	4	2	3	5	6	1	6	3	5	4	4	3	5	3	3	3	3	4	6	6	2	1	3	6	4	5	4	2	6	4	5	3	5	6	7	4	2	5	3	3	4	5	6	5	4
Fulton	8	3	5	7	8	4	9	8	7	8	5	6	8	7	8	7	4	5	6	7	5	5	2	5	3	7	6	6	5	6	0	9	6	6	8	8	9	2	3	8	1	7	7	6	4	8	9	6	7	9	6	4	4	1	5	8	4	5	9	4	6	9	6	8	5	7	8	2	3	7	6	8	7	6	2	5	7	3	9	3	5	7	6	7	7	4	3	8	7	9	6	1	2	3
Gallia	3	7	6	10	2	7	5	4	6	7	5	5	5	4	7	5	7	8	8	9	8	6	9	5	8	3	3	4	5	4	9	0	9	4	5	6	6	7	6	6	8	3	2	6	7	1	6	5	9	1	4	6	7	9	4	8	6	7	1	7	6	4	5	3	6	4	4	9	9	3	3	2	8	6	8	6	2	8	2	8	6	7	8	9	6	5	8	1	5	3	7	9	8	7
Geauga	10	7	3	1	7	8	5	10	10	3	7	8	10	9	3	4	5	3	2	1	3	9	8	5	4	6	8	6	6	7	7	9	0	8	4	10	11	6	7	4	7	9	7	3	4	9	4	4	1	10	5	7	3	6	7	2	6	2	8	9	8	6	9	6	5	5	5	5	8	6	7	9	1	10	7	4	8	5	10	5	8	2	1	1	3	6	8	8	9	6	2	8	6	6
Greene	3	4	5	9	4	4	6	2	2	6	2	1	2	1	7	4	4	7	7	8	7	2	6	3	6	3	1	3	2	2	6	4	8	0	5	2	3	4	3	6	5	2	3	5	5	3	7	4	8	4	3	3	6	6	1	7	3	6	4	3	2	6	1	5	4	4	5	6	5	4	2	3	7	2	5	5	2	6	4	5	3	6	7	8	5	2	4	3	1	5	6	6	5	4
Guernsey	6	6	3	5	3	6	1	6	8	2	5	6	7	6	3	1	4	5	4	4	5	7	8	3	5	3	5	3	3	4	8	5	4	6	0	8	8	6	5	1	7	5	3	2	4	5	2	2	5	6	2	5	4	7	5	3	4	4	4	7	6	2	7	2	3	1	1	6	8	2	4	5	3	8	7	3	4	5	6	5	6	2	3	4	1	4	7	4	7	2	3	8	6	5
Hamilton-W	3	6	7	11	6	5	8	2	1	8	4	3	1	2	9	6	6	9	9	10	9	3	7	5	8	5	3	5	4	4	8	6	10	2	7	0	1	6	5	8	7	3	5	7	7	5	9	6	10	5	5	5	8	8	3	9	5	8	6	4	3	8	2	7	6	6	7	8	6	6	4	4	9	2	6	7	4	8	4	7	4	8	9	10	7	4	5	5	1	7	8	8	7	6
Hamilton-E	3	7	8	12	6	6	9	2	2	9	5	4	1	2	10	7	7	10	10	11	10	4	8	6	9	5	3	5	5	4	9	6	11	3	8	1	0	7	6	9	8	3	5	8	8	5	10	7	11	5	6	6	9	9	4	10	6	9	6	5	4	8	3	7	7	7	8	9	7	6	4	4	10	3	7	8	4	9	4	8	5	9	10	11	8	5	6	5	2	7	9	9	8	7
Hancock	6	1	3	6	6	2	7	6	6	6	3	4	6	5	6	5	2	4	5	6	4	4	2	3	3	5	4	4	3	4	2	7	5	4	6	6	7	0	1	6	1	5	5	4	2	6	7	4	6	7	4	2	3	2	3	6	2	4	7	3	4	7	5	6	3	5	6	2	2	5	4	6	6	5	1	3	5	2	7	1	3	5	5	6	5	2	2	6	5	7	4	2	1	1
Hardin	5	1	4	7	5	1	6	5	5	6	2	3	5	4	6	4	2	5	6	7	5	3	3	2	4	4	3	3	2	3	3	6	6	3	5	5	6	1	0	6	2	4	4	4	3	5	7	3	7	6	3	1	4	3	2	6	1	5	6	2	3	6	4	5	2	4	5	3	3	4	3	5	6	4	2	3	4	3	6	2	2	5	6	7	5	1	2	5	4	6	5	3	2	1
Harrison	7	7	3	5	4	7	1	7	9	1	6	7	8	7	2	2	5	5	4	4	5	8	8	4	5	4	6	4	4	5	8	6	4	7	1	9	9	6	6	0	7	6	4	2	4	6	1	3	5	7	3	6	4	7	6	3	5	4	5	8	7	2	8	3	4	2	2	6	8	3	5	6	3	9	7	4	5	5	7	5	7	2	3	4	1	5	8	5	8	3	3	8	6	6
Henry	7	2	4	7	7	3	8	7	6	7	4	5	7	6	7	6	3	5	6	7	5	4	1	4	3	6	5	5	4	5	1	8	6	5	7	7	8	1	2	7	0	6	6	5	3	7	8	5	7	8	5	3	4	1	4	7	3	5	8	3	5	8	5	7	4	6	7	2	2	6	5	7	7	5	1	4	6	2	8	2	4	6	6	7	6	3	2	7	6	8	5	1	1	2
Highland	1	5	6	10	3	5	6	1	3	7	3	3	2	1	8	5	5	8	8	9	8	4	7	4	7	3	1	3	3	2	7	3	9	2	5	3	3	5	4	6	6	0	2	6	6	2	7	5	9	3	4	4	7	7	2	8	4	7	3	5	4	5	3	4	5	4	5	7	7	3	2	1	8	4	6	6	1	7	2	6	4	7	8	9	6	3	6	2	2	4	7	7	6	5
Hocking	3	5	4	8	1	5	4	3	5	5	3	3	4	3	6	3	5	6	6	7	6	5	7	3	6	1	2	2	3	2	7	2	7	3	3	5	5	5	4	4	6	2	0	4	5	2	5	3	7	3	2	4	5	7	2	6	4	5	2	5	4	3	4	2	4	2	3	7	7	1	1	2	6	5	6	4	1	6	3	6	4	5	6	7	4	3	6	1	4	2	5	7	6	5
Holmes	7	5	1	4	4	5	3	7	7	2	4	5	7	6	2	1	3	3	3	3	3	6	6	2	3	3	5	3	3	4	6	6	3	5	2	7	8	4	4	2	5	6	4	0	2	6	3	1	4	7	2	4	2	5	4	2	3	2	5	6	5	4	6	3	2	2	3	4	6	3	4	6	2	7	5	2	5	3	7	3	5	1	2	3	1	3	6	5	6	4	1	6	4	4
Huron	7	3	1	4	5	4	5	7	7	4	4	5	7	6	4	3	1	2	3	4	2	6	4	3	1	4	5	4	4	5	4	7	3	5	4	7	8	2	3	4	3	6	5	2	0	7	5	2	4	8	3	4	1	3	4	4	2	2	6	5	5	6	6	5	2	4	5	2	4	4	5	7	4	7	3	1	6	1	8	1	5	3	3	4	3	3	4	6	6	6	2	4	2	2
Jackson	2	6	6	10	2	6	5	3	5	7	4	4	4	3	7	5	6	8	8	9	8	5	8	5	8	3	2	4	4	3	8	1	9	3	5	5	5	6	5	6	7	2	2	6	7	0	6	5	9	1	4	5	7	8	3	8	5	7	2	6	5	4	4	3	6	4	4	8	8	3	2	1	8	5	7	6	1	8	1	7	5	7	8	9	6	4	7	1	4	3	7	8	7	6
Jefferson	8	8	4	4	4	8	1	8	10	1	7	8	9	8	1	3	6	5	4	4	5	9	9	5	6	5	7	5	5	6	9	6	4	8	2	10	10	7	7	1	8	7	5	3	5	6	0	4	5	7	4	7	5	8	7	2	6	4	5	9	8	2	9	3	5	3	2	7	9	4	6	7	3	10	8	5	6	6	7	6	8	2	3	3	2	6	9	5	9	3	3	9	7	7
Knox	6	4	1	5	3	4	3	6	6	3	3	4	6	5	3	1	2	3	3	4	3	5	6	1	3	2	4	2	2	3	6	5	4	4	2	6	7	4	3	3	5	5	3	1	2	5	4	0	4	6	1	3	2	5	3	3	2	2	4	5	4	4	5	3	1	2	3	4	6	2	3	5	3	6	5	1	4	3	6	3	4	2	3	4	2	2	5	4	5	4	2	6	4	3
Lake	10	7	3	1	7	8	6	10	10	4	7	8	10	9	4	5	5	2	1	1	2	9	8	5	4	6	8	6	6	7	7	9	1	8	5	10	11	6	7	5	7	9	7	4	4	9	5	4	0	10	5	7	3	6	7	3	6	2	8	9	8	7	9	7	5	6	6	5	8	6	7	9	2	10	7	4	8	5	10	5	8	3	2	2	4	6	8	8	9	7	3	8	6	6
Lawrence	2	7	7	11	3	7	6	3	6	8	5	5	4	4	8	6	7	9	9	10	9	6	9	6	9	4	3	5	5	4	9	1	10	4	6	5	5	7	6	7	8	3	3	7	8	1	7	6	10	0	5	6	8	9	4	9	6	8	2	7	6	5	5	4	7	5	5	9	9	4	3	2	9	6	8	7	2	9	1	8	6	8	9	10	7	5	8	2	5	4	8	9	8	7
Licking	5	4	2	6	2	4	3	5	6	3	3	4	5	4	4	1	3	4	4	5	4	5	6	1	4	1	3	1	1	2	6	4	5	4	2	6	6	4	3	3	5	4	2	2	3	4	4	1	5	5	0	3	3	6	3	4	2	3	3	5	4	3	5	2	2	1	2	5	6	1	2	4	4	6	5	2	3	4	5	4	4	3	4	5	2	2	5	3	5	3	3	6	5	3
Logan	5	2	4	8	5	1	6	5	4	6	1	2	5	4	6	4	3	6	6	7	6	2	4	2	5	4	3	3	2	3	4	6	7	3	5	5	6	2	1	6	3	4	4	4	4	5	7	3	7	6	3	0	5	4	2	6	2	5	6	2	2	6	3	5	3	4	5	4	3	4	3	5	6	3	3	4	4	4	6	3	1	5	6	7	5	1	2	5	4	6	5	4	3	2
Lorain	8	4	1	3	5	5	5	8	8	4	5	6	8	7	4	3	2	1	2	3	1	7	5	3	1	4	6	4	4	5	4	7	2	6	4	8	9	3	4	4	4	7	5	2	1	7	5	2	3	8	3	5	0	3	5	4	3	1	6	6	6	6	7	5	3	4	5	2	5	4	5	7	3	8	4	2	6	2	8	2	6	3	2	3	3	4	5	6	7	6	2	5	3	3
Lucas	8	3	4	6	8	4	8	8	7	7	5	6	8	7	7	6	3	4	5	6	4	5	2	5	2	7	6	6	5	6	1	9	5	6	7	8	9	2	3	7	1	7	7	5	3	8	8	5	6	9	6	4	3	0	5	7	4	4	9	4	6	9	6	8	4	7	8	1	3	7	6	8	6	6	2	4	7	2	9	2	5	6	5	6	6	4	3	8	7	9	5	2	1	3
Madison	3	3	4	8	3	3	5	3	3	5	1	1	3	2	6	3	3	6	6	7	6	3	5	2	5	2	1	2	1	1	5	4	7	1	4	3	4	3	2	5	4	2	2	4	4	3	6	3	7	4	2	2	5	5	0	6	2	5	4	3	2	5	2	4	3	3	4	5	5	3	1	3	6	3	4	4	2	5	4	4	2	5	6	7	4	1	4	3	2	4	5	5	4	3
Mahoning	9	7	3	2	6	7	3	9	9	2	6	7	9	8	1	3	5	4	3	2	4	8	8	4	5	5	7	5	5	6	8	8	2	7	3	9	10	6	6	3	7	8	6	2	4	8	2	3	3	9	4	6	4	7	6	0	5	3	7	8	7	4	8	5	4	4	4	6	8	5	6	8	1	9	7	4	7	5	9	5	7	1	2	1	2	5	8	7	8	5	2	8	6	6
Marion	5	2	3	6	4	2	5	5	5	5	2	3	5	4	5	3	1	4	5	6	4	4	4	1	3	3	3	3	2	3	4	6	5	3	4	5	6	2	1	5	3	4	4	3	2	5	6	2	6	6	2	2	3	4	2	5	0	4	5	3	3	5	4	4	1	3	4	4	4	3	3	5	5	5	3	2	4	3	6	2	3	4	5	6	4	1	3	5	4	5	4	4	3	1
Medina	8	5	1	3	5	6	5	8	8	3	5	6	8	7	3	3	3	2	1	2	1	7	6	3	2	4	6	4	4	5	5	7	2	6	4	8	9	4	5	4	5	7	5	2	2	7	4	2	2	8	3	5	1	4	5	3	4	0	6	7	6	6	7	5	3	4	5	3	6	4	5	7	2	8	5	2	6	3	8	3	6	2	1	3	3	4	6	6	7	6	1	6	4	4
Meigs	4	7	5	9	1	7	4	4	6	6	5	5	5	4	6	4	6	7	7	8	7	6	9	4	7	3	3	4	4	4	9	1	8	4	4	6	6	7	6	5	8	3	2	5	6	2	5	4	8	2	3	6	6	9	4	7	5	6	0	7	6	3	5	2	5	3	3	8	9	2	3	3	7	6	8	5	2	7	3	7	6	6	7	8	5	5	8	1	5	2	6	9	8	6
Mercer	6	2	6	9	6	1	8	5	3	8	2	3	4	4	8	6	4	7	8	9	7	1	3	4	5	5	4	5	4	4	4	7	8	3	7	4	5	3	2	8	3	5	5	6	5	6	9	5	9	7	5	2	6	4	3	8	3	7	7	0	2	8	2	7	4	6	7	4	2	6	4	6	8	2	2	5	5	4	7	4	1	7	8	9	7	3	1	6	3	7	7	4	3	3
Miami	5	3	5	9	5	2	7	4	2	7	1	1	3	3	7	5	4	7	7	8	7	1	5	3	6	4	3	4	3	3	6	6	8	2	6	3	4	4	3	7	5	4	4	5	5	5	8	4	8	6	4	2	6	6	2	7	3	6	6	2	0	7	1	6	4	5	6	6	4	5	3	5	7	2	4	5	4	6	6	5	1	6	7	8	6	2	3	5	2	6	6	6	5	4
Monroe	6	7	5	6	2	7	1	6	8	3	6	6	7	6	3	3	6	7	6	6	7	8	9	4	7	4	5	4	4	5	9	4	6	6	2	8	8	7	6	2	8	5	3	4	6	4	2	4	7	5	3	6	6	9	5	4	5	6	3	8	7	0	7	2	5	2	1	8	9	3	4	5	5	8	8	5	4	7	5	7	7	4	5	5	3	5	8	3	7	1	5	9	8	6
Montgomery	4	4	6	10	5	3	7	3	1	7	2	1	2	2	8	5	5	8	8	9	8	1	5	4	7	4	2	4	3	3	6	5	9	1	6	2	3	5	4	7	5	3	4	6	6	4	8	5	9	5	4	3	7	6	2	8	4	7	5	2	1	7	0	6	5	5	6	6	4	5	3	4	8	1	4	6	3	6	5	6	2	7	8	9	6	3	3	4	1	6	7	6	5	5
Morgan	5	6	4	7	1	6	2	5	7	4	5	5	6	5	4	2	5	6	6	6	6	7	8	3	6	2	4	3	3	3	8	3	6	5	2	7	7	6	5	3	7	4	2	3	5	3	3	3	7	4	2	5	5	8	4	5	4	5	2	7	6	2	6	0	4	1	1	7	8	1	3	4	5	7	7	4	3	6	4	6	6	4	5	6	3	4	7	2	6	1	4	8	7	5
Morrow	6	3	2	6	4	3	4	6	6	4	3	4	6	5	4	2	1	4	4	5	4	5	5	1	3	3	4	3	2	3	5	6	5	4	3	6	7	3	2	4	4	5	4	2	2	6	5	1	5	7	2	3	3	4	3	4	1	3	5	4	4	5	5	4	0	3	4	4	5	3	4	6	4	6	4	1	5	3	7	2	4	3	4	5	3	2	4	5	5	5	3	5	3	2
Muskingum	5	5	3	6	2	5	2	5	7	3	4	5	6	5	4	1	4	5	5	5	5	6	7	2	5	2	4	2	2	3	7	4	5	5	1	7	7	5	4	2	6	4	2	2	4	4	3	2	6	5	1	4	4	7	4	4	3	4	3	6	5	2	6	1	3	0	1	6	7	1	3	4	4	7	6	3	3	5	5	5	5	3	4	5	2	3	6	3	6	2	3	7	6	4
Noble	6	6	4	6	2	6	1	6	8	3	5	6	7	6	3	2	5	6	5	5	6	7	8	3	6	3	5	3	3	4	8	4	5	6	1	8	8	6	5	2	7	5	3	3	5	4	2	3	6	5	2	5	5	8	5	4	4	5	3	7	6	1	7	1	4	1	0	7	8	2	4	5	4	8	7	4	4	6	5	6	6	3	4	5	2	4	7	3	7	1	4	8	7	5
Ottawa	8	3	3	5	7	4	7	8	7	6	5	6	8	7	6	5	3	3	4	5	3	5	3	5	1	6	6	6	5	6	2	9	4	6	6	8	9	2	3	6	2	7	7	4	2	8	7	4	5	9	5	4	2	1	5	6	4	3	8	4	6	8	6	7	4	6	7	0	3	6	6	8	5	6	2	3	7	1	9	2	5	5	4	5	5	4	3	8	7	8	4	3	1	3
Paulding	8	2	5	8	8	2	9	7	5	8	4	5	6	6	8	7	4	6	7	8	6	3	1	5	4	7	6	6	5	6	3	9	7	5	8	6	7	2	3	8	2	7	7	6	4	8	9	6	8	9	6	3	5	3	5	8	4	6	9	2	4	9	4	8	5	7	8	3	0	7	6	8	8	4	1	5	7	3	9	3	3	7	7	8	7	4	1	8	5	9	6	2	2	3
Perry	4	5	3	7	1	5	3	4	6	4	4	4	5	4	5	2	4	5	5	6	5	6	7	2	5	1	3	2	2	2	7	3	6	4	2	6	6	5	4	3	6	3	1	3	4	3	4	2	6	4	1	4	4	7	3	5	3	4	2	6	5	3	5	1	3	1	2	6	7	0	2	3	5	6	6	3	2	5	4	5	5	4	5	6	3	3	6	2	5	2	4	7	6	4
Pickaway	3	4	4	8	2	4	5	3	4	5	2	2	3	2	6	3	4	6	6	7	6	4	6	3	6	1	1	2	2	1	6	3	7	2	4	4	4	4	3	5	5	2	1	4	5	2	6	3	7	3	2	3	5	6	1	6	3	5	3	4	3	4	3	3	4	3	4	6	6	2	0	2	6	4	5	4	1	6	3	5	3	5	6	7	4	2	5	2	3	3	5	6	5	4
Pike	1	6	6	10	3	6	6	2	4	7	4	4	3	2	8	5	6	8	8	9	8	5	8	5	8	3	2	4	4	3	8	2	9	3	5	4	4	6	5	6	7	1	2	6	7	1	7	5	9	2	4	5	7	8	3	8	5	7	3	6	5	5	4	4	6	4	5	8	8	3	2	0	8	5	7	6	1	8	1	7	5	7	8	9	6	4	7	2	3	4	7	8	7	6
Portage	9	7	3	2	6	7	4	9	9	2	6	7	9	8	2	3	5	3	2	1	3	8	8	4	4	5	7	5	5	6	7	8	1	7	3	9	10	6	6	3	7	8	6	2	4	8	3	3	2	9	4	6	3	6	6	1	5	2	7	8	7	5	8	5	4	4	4	5	8	5	6	8	0	9	7	4	7	5	9	5	7	1	1	1	2	5	8	7	8	5	2	8	6	6
Preble	5	4	7	11	6	3	8	4	1	8	3	2	3	3	9	6	6	9	9	10	9	1	5	5	7	5	3	5	4	4	6	6	10	2	7	2	3	5	4	8	5	4	5	7	7	5	9	6	10	6	5	3	8	6	3	9	5	8	6	2	2	8	1	7	6	6	7	6	4	6	4	5	9	0	4	7	4	6	6	6	2	8	9	10	7	4	3	5	2	7	8	6	5	5
Putnam	7	1	4	7	7	2	8	7	5	7	4	5	6	6	7	6	3	5	6	7	5	3	1	4	3	6	5	5	4	5	2	8	6	5	7	6	7	1	2	7	1	6	6	5	3	7	8	5	7	8	5	3	4	2	4	7	3	5	8	2	4	8	4	7	4	6	7	2	1	6	5	7	7	4	0	4	6	2	8	2	3	6	6	7	6	3	1	7	5	8	5	2	1	2
Richland	7	4	1	5	4	4	4	7	7	4	4	5	7	6	4	2	1	3	3	4	3	6	5	2	2	3	5	3	3	4	5	6	4	5	3	7	8	3	3	4	4	6	4	2	1	6	5	1	4	7	2	4	2	4	4	4	2	2	5	5	5	5	6	4	1	3	4	3	5	3	4	6	4	7	4	0	5	2	7	2	5	3	3	5	3	3	5	5	6	5	2	5	3	2
Ross	2	5	5	9	2	5	5	2	4	6	3	3	3	2	7	4	5	7	7	8	7	4	7	4	7	2	1	3	3	2	7	2	8	2	4	4	4	5	4	5	6	1	1	5	6	1	6	4	8	2	3	4	6	7	2	7	4	6	2	5	4	4	3	3	5	3	4	7	7	2	1	1	7	4	6	5	0	7	2	6	4	6	7	8	5	3	6	1	3	3	6	7	6	5
Sandusky	8	3	2	5	6	4	6	8	7	5	5	6	8	7	5	4	2	3	4	5	3	5	3	4	1	5	6	5	5	6	3	8	4	6	5	8	9	2	3	5	2	7	6	3	1	8	6	3	5	9	4	4	2	2	5	5	3	3	7	4	6	7	6	6	3	5	6	1	3	5	6	8	5	6	2	2	7	0	9	1	5	4	4	5	4	4	3	7	7	7	3	3	1	2
Scioto	1	7	7	11	3	7	6	2	5	8	5	5	3	3	8	6	7	9	9	10	9	6	9	6	9	4	3	5	5	4	9	2	10	4	6	4	4	7	6	7	8	2	3	7	8	1	7	6	10	1	5	6	8	9	4	9	6	8	3	7	6	5	5	4	7	5	5	9	9	4	3	1	9	6	8	7	2	9	0	8	6	8	9	10	7	5	8	2	4	4	8	9	8	7
Seneca	7	2	2	5	6	3	6	7	7	5	4	5	7	6	5	4	1	3	4	5	3	5	3	3	2	5	5	5	4	5	3	8	4	5	5	7	8	1	2	5	2	6	6	3	1	7	6	3	5	8	4	3	2	2	4	5	2	3	7	4	5	7	6	6	2	5	6	2	3	5	5	7	5	6	2	2	6	1	8	0	4	4	4	5	4	3	3	7	6	7	3	3	1	1
Shelby	5	2	5	9	5	1	7	5	3	7	1	2	4	4	7	5	4	7	7	8	7	1	4	3	6	4	3	4	3	3	5	6	8	3	6	4	5	3	2	7	4	4	4	5	5	5	8	4	8	6	4	1	6	5	2	7	3	6	6	1	1	7	2	6	4	5	6	5	3	5	3	5	7	2	3	5	4	5	6	4	0	6	7	8	6	2	2	5	3	6	6	5	4	3
Stark	8	6	2	3	5	6	3	8	8	1	5	6	8	7	1	2	4	3	2	2	3	7	7	3	4	4	6	4	4	5	7	7	2	6	2	8	9	5	5	2	6	7	5	1	3	7	2	2	3	8	3	5	3	6	5	1	4	2	6	7	6	4	7	4	3	3	3	5	7	4	5	7	1	8	6	3	6	4	8	4	6	0	1	2	1	4	7	6	7	4	1	7	5	5
Summit	9	6	2	2	6	7	4	9	9	2	6	7	9	8	2	3	4	2	1	1	2	8	7	4	3	5	7	5	5	6	6	8	1	7	3	9	10	5	6	3	6	8	6	2	3	8	3	3	2	9	4	6	2	5	6	2	5	1	7	8	7	5	8	5	4	4	4	4	7	5	6	8	1	9	6	3	7	4	9	4	7	1	0	2	2	5	7	7	8	5	1	7	5	5
Trumbull	10	8	4	1	7	8	4	10	10	3	7	8	10	9	2	4	6	4	3	2	4	9	9	5	5	6	8	6	6	7	8	9	1	8	4	10	11	7	7	4	8	9	7	3	5	9	3	4	2	10	5	7	4	7	7	1	6	3	8	9	8	5	9	6	5	5	5	6	9	6	7	9	1	10	8	5	8	6	10	6	8	2	2	0	3	6	9	8	9	6	3	9	7	7
Tuscarawas	7	6	2	4	4	6	2	7	8	1	5	6	7	6	2	1	4	4	3	3	4	7	7	3	4	3	5	3	3	4	7	6	3	6	1	8	8	5	5	1	6	6	4	1	3	6	2	2	4	7	2	5	3	6	5	2	4	3	5	7	6	3	7	3	3	2	2	5	7	3	4	6	2	8	6	3	5	4	7	4	6	1	2	3	0	4	7	5	7	3	2	7	5	5
Union	4	2	3	7	4	2	5	4	4	5	1	2	4	3	5	3	2	5	5	6	5	3	4	1	4	3	2	2	1	2	4	5	6	2	4	4	5	2	1	5	3	3	3	3	3	4	6	2	6	5	2	1	4	4	1	5	1	4	5	3	2	5	3	4	2	3	4	4	4	3	2	4	5	4	3	3	3	4	5	3	2	4	5	6	4	0	3	4	3	5	4	4	3	2
VanWert	7	1	5	8	7	1	8	6	4	8	3	4	5	5	8	6	4	6	7	8	6	2	2	4	4	6	5	5	4	5	3	8	7	4	7	5	6	2	2	8	2	6	6	6	4	7	9	5	8	8	5	2	5	3	4	8	3	6	8	1	3	8	3	7	4	6	7	3	1	6	5	7	8	3	1	5	6	3	8	3	2	7	7	8	7	3	0	7	4	8	6	3	2	3
Vinton	3	6	5	9	1	6	4	3	5	6	4	4	4	3	6	4	6	7	7	8	7	5	8	4	7	2	2	3	4	3	8	1	8	3	4	5	5	6	5	5	7	2	1	5	6	1	5	4	8	2	3	5	6	8	3	7	5	6	1	6	5	3	4	2	5	3	3	8	8	2	2	2	7	5	7	5	1	7	2	7	5	6	7	8	5	4	7	0	4	2	6	8	7	6
Warren	3	5	6	10	5	4	7	2	1	7	3	2	1	1	8	5	5	8	8	9	8	2	6	4	7	4	2	4	3	3	7	5	9	1	6	1	2	5	4	7	6	2	4	6	6	4	8	5	9	5	4	4	7	7	2	8	4	7	5	3	2	7	1	6	5	5	6	7	5	5	3	3	8	2	5	6	3	7	4	6	3	7	8	9	6	3	4	4	0	6	7	7	6	5
Washington	5	7	5	7	1	7	2	5	7	4	5	5	6	5	4	3	6	7	6	6	7	7	9	4	7	3	4	4	4	4	9	3	6	5	2	7	7	7	6	3	8	4	2	4	6	3	3	4	7	4	3	6	6	9	4	5	5	6	2	7	6	1	6	1	5	2	1	8	9	2	3	4	5	7	8	5	3	7	4	7	6	4	5	6	3	5	8	2	6	0	5	9	8	6
Wayne	8	5	1	3	5	6	4	8	8	2	5	6	8	7	2	2	3	3	2	2	2	7	6	3	3	4	6	4	4	5	6	7	2	6	3	8	9	4	5	3	5	7	5	1	2	7	3	2	3	8	3	5	2	5	5	2	4	1	6	7	6	5	7	4	3	3	4	4	6	4	5	7	2	8	5	2	6	3	8	3	6	1	1	3	2	4	6	6	7	5	0	6	4	4
Williams	8	3	5	8	8	4	9	8	7	8	5	6	8	7	8	7	4	6	7	8	6	5	1	5	4	7	6	6	5	6	1	9	7	6	8	8	9	2	3	8	1	7	7	6	4	8	9	6	8	9	6	4	5	2	5	8	4	6	9	4	6	9	6	8	5	7	8	3	2	7	6	8	8	6	2	5	7	3	9	3	5	7	7	8	7	4	3	8	7	9	6	0	2	3
Wood	7	2	3	6	7	3	7	7	6	6	4	5	7	6	6	5	2	4	5	6	4	4	2	4	2	6	5	5	4	5	2	8	5	5	6	7	8	1	2	6	1	6	6	4	2	7	7	4	6	8	5	3	3	1	4	6	3	4	8	3	5	8	5	7	3	6	7	1	2	6	5	7	6	5	1	3	6	1	8	1	4	5	5	6	5	3	2	7	6	8	4	2	0	2
Wyandot	6	2	3	6	5	2	6	6	6	6	3	4	6	5	6	4	1	4	5	6	4	4	3	2	3	4	4	4	3	4	3	7	5	4	5	6	7	1	1	6	2	5	5	4	2	6	7	3	6	7	3	2	3	3	3	6	1	4	6	3	4	6	5	5	2	4	5	3	3	4	4	6	6	5	2	2	5	2	7	1	3	5	5	6	5	2	3	6	5	6	4	3	2	0;
